year	state	hmls_es	hmls_th	hmls_sh	hmls_unsh	es	th	sh	rrh	psh	oph
2007	AK	898	489		255	1095	663			489	
2007	AL	1452	2344		1656	1766	2607			2420	
2007	AR	1251	1034		1551	1483	1109			1538	
2007	AZ	3934	4684		6028	3736	5597			3019	
2007	CA	23920	24591		90475	20181	30897			26787	
2007	CO	3630	3341		7254	2780	3634			2110	
2007	CT	2262	1409		811	2331	1571			3504	
2007	DC	3248	1732		340	3001	2263			3639	
2007	DE	439	415		207	515	710			294	
2007	FL	8988	11541		27540	8913	12149			8366	
2007	GA	4267	4074		11298	4176	5057			2928	
2007	GU	33	70		622	79	138			50	
2007	HI	1039	1673		3358	1081	2019			844	
2007	IA	852	1589		293	1338	2215			828	
2007	ID	586	539		624	746	880			289	
2007	IL	5913	6258		3316	5204	8648			8826	
2007	IN	2871	3225		1262	3966	4201			1869	
2007	KS	1172	657		282	1727	1057			634	
2007	KY	2666	3274		2121	2807	3472			1901	
2007	LA	1388	2529		1577	1605	3022			2153	
2007	MA	7311	6402		1414	8446	6170			7932	
2007	MD	3564	2854		3210	2564	3487			4288	
2007	ME	664	1912		62	968	2030			1314	
2007	MI	7325	4227		16743	6316	5331			5027	
2007	MN	2899	2979		1445	3375	3803			5406	
2007	MO	2969	2168		1110	3534	3446			3867	
2007	MS	303	548		526	723	886			268	
2007	MT	502	353		295	655	555			317	
2007	NC	4745	3134		3923	4525	4306			2019	
2007	ND	405	172		59	615	342			386	
2007	NE	1798	1209		524	1606	1729			574	
2007	NH	725	548		975	792	886			656	
2007	NJ	10095	4741		2478	4174	3145			2316	
2007	NM	958	790		1267	1391	943			820	
2007	NV	1528	3290		3824	1937	3734			1405	
2007	NY	44686	12595		5320	45194	14362			30246	
2007	OH	5695	3685		1884	6873	5299			10502	
2007	OK	2154	935		1132	2232	1316			495	
2007	OR	3462	4867		9261	3980	9000			6941	
2007	PA	6445	8296		1479	6944	9587			9194	
2007	PR	546	822		2941	556	2016			1037	
2007	RI	688	635		49	753	703			943	
2007	SC	1680	1406		2574	1770	2104			868	
2007	SD	269	269		41	717	699			298	
2007	TN	3587	2859		4764	3130	3275			2503	
2007	TX	13840	9042		16906	12018	8776			4888	
2007	UT	1551	1147		313	1557	1688			1334	
2007	VA	4323	3244		2179	3604	4121			1891	
2007	VI	28	44		487	115	49			56	
2007	VT	340	380		315	528	351			485	
2007	WA	6450	10407		6522	6529	11058			5610	
2007	WI	2366	2719		563	3027	3228			1725	
2007	WV	1677	470		262	1269	646			470	
2007	WY	272	125		140	504	225			67	
2008	AK	847	605		194	1114	583	0		466	
2008	AL	1534	2309		1544	1639	2664	34		2415	
2008	AR	1048	972		1235	993	854	0		1512	
2008	AZ	3104	3866		5518	4244	5519	40		3518	
2008	CA	22917	24048		89566	19973	31841	202		27103	
2008	CO	3492	3385		7870	2744	3753	25		2327	
2008	CT	2409	1611		607	2334	1624	0		3605	
2008	DC	3463	2203		378	3045	2672	25		3116	
2008	DE	446	416		71	572	668	10		259	
2008	FL	9769	10955		29434	9208	12625	203		8990	
2008	GA	4420	4445		10230	4737	5400	15		3784	
2008	GU	33	70		622	97	147	0		59	
2008	HI	1114	1589		3358	1397	2450	25		728	
2008	IA	1018	2069		259	1601	2710	0		791	
2008	ID	630	620		214	882	990	0		316	
2008	IL	5660	5820		3244	5200	8484	131		9827	
2008	IN	3127	2796		1472	4084	4702	25		2006	
2008	KS	922	578		238	1535	919	20		718	
2008	KY	2725	3470		1942	2769	3299	10		1872	
2008	LA	1408	2292		1781	1602	3080	25		2430	
2008	MA	8471	4966		1069	8505	5697	37		8100	
2008	MD	3187	2867		3165	2336	3170	104		4602	
2008	ME	758	1830		44	1008	1958	0		1752	
2008	MI	7463	4318		16467	5785	5850	43		6883	
2008	MN	3101	3169		1374	3367	3719	10		6039	
2008	MO	3157	2450		2080	3616	3352	26		2961	
2008	MS	416	790		755	863	925	0		256	
2008	MT	578	429		410	649	539	0		219	
2008	NC	4863	3162		4386	5269	4461	0		2268	
2008	ND	394	202		19	567	215	0		417	
2008	NE	1444	1783		758	1545	1672	0		246	
2008	NH	896	639		484	698	813	5		834	
2008	NJ	7392	4468		1972	4325	2479	29		2447	
2008	NM	958	790		1267	1511	1138	0		1036	
2008	NV	1525	3338		3863	1787	3482	25		1868	
2008	NY	44619	11897		4609	44074	13000	143		31781	
2008	OH	6113	4264		2535	6354	4145	130		9611	
2008	OK	1933	870		1043	2331	1194	50		427	
2008	OR	4667	5279		10707	3721	5457	59		4978	
2008	PA	6336	7743		1299	7180	9426	141		8734	
2008	PR	298	512		2202	471	1399	22		1053	
2008	RI	734	408		54	829	408	17		1195	
2008	SC	1680	1406		2574	1800	2157	12		989	
2008	SD	269	269		41	716	663	0		257	
2008	TN	2975	2685		4045	3002	3241	16		2626	
2008	TX	14876	9204		16110	12323	8193	150		5807	
2008	UT	1730	1448		256	1556	1701	49		1625	
2008	VA	3914	2981		1574	3608	4014	49		1871	
2008	VI	60	55		487	58	50	0		49	
2008	VT	311	385		258	471	454	6		564	
2008	WA	6319	9137		6498	6245	10989	45		5844	
2008	WI	2406	2528		515	3051	3190	64		1950	
2008	WV	952	470		594	1343	705	12		526	
2008	WY	395	224		132	488	222	0		67	
2009	AK	1009	656		327	1115	582	0		507	
2009	AL	1419	2494		2167	1611	2420	34		2134	
2009	AR	652	1078		1122	904	898	0		1564	
2009	AZ	4020	4346		6355	4011	5015	40		3926	
2009	CA	23081	27696		72901	20221	31969	207		36291	
2009	CO	4895	4136		6237	2729	3609	25		2350	
2009	CT	2542	1561		502	2356	1687	0		4069	
2009	DC	3315	2592		321	3069	3108	25		3889	
2009	DE	583	500		47	516	671	10		291	
2009	FL	10491	11376		33732	9272	12924	180		9486	
2009	GA	4819	4600		10941	4942	5642	0		4090	
2009	GU	67	115		906	93	141	0		60	
2009	HI	1050	2218		2514	1252	2933	25		931	
2009	IA	1180	2041		159	1586	2702	0		791	
2009	ID	631	846		462	906	1038	0		382	
2009	IL	5066	6785		2204	4802	8220	131		10210	
2009	IN	3249	1957		1778	3587	3996	25		1869	
2009	KS	1116	580		196	817	562	20		695	
2009	KY	2645	2654		700	2568	2672	10		2621	
2009	LA	1618	2500		8386	1988	3045	37		2563	
2009	MA	9359	5117		1006	9699	5300	37		8340	
2009	MD	4205	3241		4252	2703	3219	104		4775	
2009	ME	843	1563		38	995	1779	0		1796	
2009	MI	5725	5573		2707	5600	6416	43		9582	
2009	MN	3479	3293		946	3456	3705	10		7074	
2009	MO	2894	2575		1490	3732	3633	26		3195	
2009	MS	524	697		1576	803	648	0		307	
2009	MT	404	429		363	656	558	0		224	
2009	NC	4873	3600		4445	5219	4420	0		2968	
2009	ND	487	278		8	597	193	0		476	
2009	NE	1593	1486		639	1493	1696	0		575	
2009	NH	892	514		239	672	675	9		875	
2009	NJ	7602	4269		1298	4248	2533	28		2584	
2009	NM	985	1123		1367	1490	1253	0		1148	
2009	NV	1311	6481		3297	1517	6855	25		1794	
2009	NY	46894	10560		3613	47172	12774	124		34379	
2009	OH	6222	4707		1771	6324	4303	130		10900	
2009	OK	2316	991		1531	2505	1106	50		484	
2009	OR	2715	4727		9867	3522	4998	43		5984	
2009	PA	6954	6865		1277	7642	8312	158		7636	
2009	PR	551	774		2745	490	1498	50		1019	
2009	RI	819	737		51	872	561	17		1287	
2009	SC	1577	1459		1437	1744	2505	12		1200	
2009	SD	371	296		64	716	663	0		257	
2009	TN	4468	2665		3399	2800	2909	16		2447	
2009	TX	12672	8986		15103	12963	9341	145		6201	
2009	UT	2080	1460		255	1491	1675	49		1478	
2009	VA	4095	3189		1568	3656	4235	56		1948	
2009	VI	40	36		395	58	65	0		52	
2009	VT	595	462		157	370	415	6		444	
2009	WA	6714	9523		6545	6150	11732	45		6592	
2009	WI	2789	2676		1060	3039	2886	64		2087	
2009	WV	793	485		389	1198	643	12		458	
2009	WY	185	266		64	488	251	0		96	
2010	AK	1013	658	0	192	1081	724	0		494	
2010	AL	1428	2463	0	2155	1662	2525	34		2189	
2010	AR	668	1060	0	1034	1480	1220	0		898	
2010	AZ	3503	3671	40	6497	4111	4763	40		4508	
2010	CA	23701	27115	83	72581	20010	30065	207		39772	
2010	CO	4895	4136	0	6451	2591	3804	25		2634	
2010	CT	2314	1503	0	499	2270	1651	0		4261	
2010	DC	3584	2512	13	430	3471	2879	25		4832	
2010	DE	481	439	10	52	530	693	10		365	
2010	FL	10242	11478	97	35734	9418	13772	172		10258	
2010	GA	4303	4443	0	11090	4630	5335	0		4391	
2010	GU	56	126	0	1453	93	147	0		88	
2010	HI	994	2516	25	2299	1470	2764	25		1051	
2010	IA	1062	1841	0	111	1587	2391	0		885	
2010	ID	796	768	0	782	981	924	0		406	
2010	IL	4981	7172	55	2187	5485	7968	102		10749	
2010	IN	2707	2526	0	1219	3760	3876	25		2529	
2010	KS	1179	649	0	196	1622	1145	20		1024	
2010	KY	2740	2847	12	1024	2661	2883	12		2629	
2010	LA	1617	2479	0	8386	1900	3223	25		2841	
2010	MA	11451	4109	35	1051	10673	4812	24		8881	
2010	MD	3511	2947	57	4330	2691	3105	104		5166	
2010	ME	854	1497	0	28	1047	1677	0		1870	
2010	MI	5186	5001	32	2839	5568	6211	43		11987	
2010	MN	3360	3360	10	1139	3389	3926	10		7846	
2010	MO	3363	2930	43	1786	3674	3719	47		3934	
2010	MS	578	603	0	1562	736	640	0		305	
2010	MT	674	494	0	447	649	521	0		229	
2010	NC	4979	4194	0	3018	5391	4577	0		3328	
2010	ND	461	307	0	31	647	203	0		480	
2010	NE	1765	1590	0	522	1620	1870	0		645	
2010	NH	729	600	8	237	670	695	9		870	
2010	NJ	7878	4205	0	1654	4255	2570	20		2791	
2010	NM	985	1123	0	1367	1484	1208	0		1271	
2010	NV	1381	6467	0	3357	1479	2467	25		1830	
2010	NY	50469	10856	142	4139	50783	12918	140		35514	
2010	OH	6190	4452	87	1840	6575	4635	114		11489	
2010	OK	2350	920	45	1914	2518	1065	50		608	
2010	OR	2446	4746	39	12261	3026	4571	43		4836	
2010	PA	6878	6381	159	1098	7889	7683	173		8300	
2010	PR	548	846	10	2745	613	1374	32		1256	
2010	RI	761	428	17	76	771	427	17		1321	
2010	SC	1577	1459	0	1437	1542	1954	12		1300	
2010	SD	371	296	0	64	716	663	0		257	
2010	TN	4372	2605	22	3277	3120	3058	24		2843	
2010	TX	10577	8497	117	15930	12741	9470	182		6550	
2010	UT	1448	1225	49	562	1410	1463	49		1495	
2010	VA	4510	2875	54	1641	3726	4002	221		2164	
2010	VI	33	59	0	395	61	87	0		43	
2010	VT	611	461	6	142	395	385	6		321	
2010	WA	6043	10391	55	6389	6144	11871	56		7599	
2010	WI	2680	2560	13	1080	2992	2952	64		2039	
2010	WV	908	606	10	740	1244	746	12		503	
2010	WY	264	251	0	64	558	346	0		123	
2011	AK	1035	725	0	368	1208	731	0		586	
2011	AL	1615	2100	34	1809	1830	2633	34		2533	
2011	AR	1018	784	0	1622	1590	1120	0		1056	
2011	AZ	3571	3691	40	3202	4091	4617	40		4731	
2011	CA	26282	24220	189	74437	19958	29501	198		42530	
2011	CO	2979	3142	25	8970	2619	3717	25		2947	
2011	CT	2358	1403	0	695	2333	1573	0		4721	
2011	DC	3641	2600	0	305	3427	3052	0		5566	
2011	DE	549	454	10	22	515	691	10		471	
2011	FL	9641	11032	151	35863	9774	14022	178		11786	
2011	GA	4483	4240	0	12252	5137	6030	0		5512	
2011	GU	67	137	0	1541	109	155	0		101	
2011	HI	1076	2531	25	2556	1522	2703	25		1067	
2011	IA	1179	1834	0	121	1578	2404	0		894	
2011	ID	797	788	0	614	958	937	0		539	
2011	IL	4957	6040	92	2920	5595	7348	102		10833	
2011	IN	2734	2795	21	646	3838	3382	25		2195	
2011	KS	1348	860	14	289	1710	1212	20		1147	
2011	KY	2496	2675	12	851	2573	2804	12		3095	
2011	LA	1223	2133	49	5886	1865	3171	37		3174	
2011	MA	11589	4333	39	703	9871	4658	38		10161	
2011	MD	3606	2831	59	3712	2866	3314	104		5978	
2011	ME	904	1499	15	29	1080	1706	15		1948	
2011	MI	5412	5416	36	2321	5711	6354	43		14556	
2011	MN	3504	3049	14	928	3598	3354	21		8698	
2011	MO	3523	3147	48	2271	4140	3945	51		3887	
2011	MS	429	625	2	1250	689	681	3		310	
2011	MT	708	508	0	552	699	508	0		330	
2011	NC	5175	4070	0	3651	5618	4659	0		4273	
2011	ND	415	145	0	43	585	154	0		479	
2011	NE	1623	1418	0	507	1873	1934	0		818	
2011	NH	582	569	8	310	658	693	9		1056	
2011	NJ	8110	4700	20	1307	4702	2846	28		3989	
2011	NM	1693	1060	0	848	1629	1168	0		1446	
2011	NV	1436	3084	25	4605	1483	3267	25		2328	
2011	NY	49471	10179	128	3667	51653	12287	143		39582	
2011	OH	5997	5134	93	1806	6097	5500	96		11834	
2011	OK	2062	867	59	1637	2531	1042	59		846	
2011	OR	2555	4418	39	10242	2724	4610	43		4920	
2011	PA	7387	6484	165	1060	8148	8042	173		9895	
2011	PR	330	667	37	1866	618	1358	77		1068	
2011	RI	680	338	21	31	767	515	18		1731	
2011	SC	1554	1388	12	2139	1687	2092	12		1478	
2011	SD	371	391	0	64	718	601	0		281	
2011	TN	3007	2888	20	3198	3159	3563	24		3721	
2011	TX	10027	8788	157	17939	13235	10902	186		9055	
2011	UT	1506	1133	48	443	1501	1404	49		1593	
2011	VA	4395	2928	63	1430	3734	3899	57		2759	
2011	VI	37	117	0	378	71	124	0		52	
2011	VT	579	438	4	123	454	345	6		493	
2011	WA	6047	8976	52	5364	6269	10345	55		8599	
2011	WI	2644	2650	61	430	3324	3304	64		2516	
2011	WV	923	471	11	806	1204	663	11		815	
2011	WY	127	68	0	843	514	239	0		127	
2012	AK	1139	577	0	197	1191	686	0		669	
2012	AL	1663	1969	32	1545	2016	2247	34		2609	
2012	AR	886	716	0	2612	1610	1052	0		1069	
2012	AZ	4291	3884	40	3087	4271	4927	40		6095	
2012	CA	22200	23530	160	74208	17541	29429	174		50057	
2012	CO	3502	3733	25	9508	2495	4016	25		2992	
2012	CT	2271	1243	0	695	2158	1381	0		5263	
2012	DC	3772	2503	0	679	3317	2926	0		6452	
2012	DE	527	449	10	22	529	700	10		508	
2012	FL	9388	10289	155	35338	10162	12932	178		13892	
2012	GA	4291	4007	22	12196	4668	4846	20		4822	
2012	GU	66	121	0	1114	109	150	0		130	
2012	HI	1141	2560	25	2520	1490	2715	25		1263	
2012	IA	1164	1616	0	148	1540	2087	0		1046	
2012	ID	770	712	0	486	927	868	0		670	
2012	IL	4828	6229	92	2995	5789	7355	102		11517	
2012	IN	2934	2411	25	889	4058	3306	25		2605	
2012	KS	1317	1016	17	334	1727	1338	20		1203	
2012	KY	2132	2177	10	911	2224	2313	10		3507	
2012	LA	1375	2397	35	3965	2025	2979	37		3791	
2012	MA	12652	4074	53	722	10188	4540	54		10887	
2012	MD	3399	2451	92	3512	2786	2879	104		6260	
2012	ME	975	1373	12	33	1089	1571	15		2075	
2012	MI	5221	5015	34	2322	5938	5846	43		7458	
2012	MN	3684	3060	10	990	3597	3272	10		9459	
2012	MO	4683	3157	53	2344	4488	3710	55		4448	
2012	MS	486	556	0	1371	852	690	0		358	
2012	MT	716	437	0	680	687	724	0		510	
2012	NC	4641	4155	13	4715	5233	4825	13		4198	
2012	ND	474	161	0	53	567	157	0		496	
2012	NE	1581	1376	0	832	1688	1979	0		822	
2012	NH	769	555	5	167	675	669	9		878	
2012	NJ	8130	3280	19	1596	4826	3036	20		4616	
2012	NM	1380	1017	0	848	1418	1127	0		1684	
2012	NV	2503	1442	25	4527	2851	1754	25		2499	
2012	NY	53018	12302	162	4084	55176	13838	176		30302	
2012	OH	6277	5874	95	1731	6144	6257	98		12563	
2012	OK	2098	887	58	1989	2895	1059	59		1030	
2012	OR	2600	3926	19	9283	2671	4563	15		5675	
2012	PA	6946	6512	202	1076	7825	8016	209		10857	
2012	PR	357	926	63	1866	583	1539	77		1391	
2012	RI	805	426	18	28	689	456	17		1919	
2012	SC	1460	1304	12	2139	1846	2967	12		1627	
2012	SD	514	281	0	64	890	554	0		614	
2012	TN	2863	2895	20	3648	2887	3581	24		4288	
2012	TX	10055	7302	144	16551	13200	9529	151		10355	
2012	UT	1725	1280	47	475	1486	1485	49		1758	
2012	VA	4170	2774	51	1429	4022	3436	56		2902	
2012	VI	32	74	0	378	99	59	0		63	
2012	VT	562	369	6	223	566	409	6		515	
2012	WA	6053	8919	55	5477	6464	10447	55		8413	
2012	WI	2868	2517	61	581	3306	3014	64		2474	
2012	WV	1014	505	14	877	1189	672	13		1002	
2012	WY	231	244	0	1338	538	279	0		230	
2013	AK	1137	604	0	205	1204	691	0	0	792	
2013	AL	1555	1660	31	1443	1943	2095	34	5	2400	
2013	AR	1037	627	0	2148	1655	847	0	59	1006	
2013	AZ	3893	3500	38	3131	4173	4570	40	199	6785	
2013	CA	21928	23432	194	72998	16680	27977	207	547	41633	
2013	CO	4025	3543	23	2163	3153	4358	25	208	2996	
2013	CT	2390	1139	0	919	2158	1284	0	192	5817	
2013	DC	4010	2343	0	512	3856	2812	0	1186	6224	
2013	DE	516	410	10	10	552	698	10	3	552	
2013	FL	8755	10729	186	28192	9923	13337	178	854	14592	
2013	GA	4824	3686	0	8461	4336	4487	0	548	7053	
2013	GU	60	68	0	1143	109	84	0	0	144	
2013	HI	1226	2494	25	2590	1508	2579	25	0	1382	
2013	IA	1203	1747	0	134	1623	2141	0	64	1129	
2013	ID	745	659	0	377	922	840	0	234	778	
2013	IL	5160	5980	89	2196	5431	7223	95	38	11554	
2013	IN	3087	2285	24	700	3989	3187	25	557	2804	
2013	KS	1329	1044	9	311	1792	1308	20	0	1216	
2013	KY	2439	2042	10	754	2410	2371	10	179	3025	
2013	LA	1389	2228	34	1575	2053	2530	32	47	4732	
2013	MA	13962	4158	59	850	10439	4557	59	2992	11753	
2013	MD	3713	2471	99	1922	2856	3063	105	56	7223	
2013	ME	1090	1851	13	62	1198	2030	15	0	2204	
2013	MI	4927	4368	44	2188	5567	5380	43	395	7872	
2013	MN	4158	3131	10	915	3680	3306	10	130	10135	
2013	MO	3381	3069	51	2080	4026	3611	54	70	5239	
2013	MS	501	582	0	1320	878	881	0	64	511	
2013	MT	706	388	0	784	777	675	0	41	624	
2013	NC	5281	3732	0	3155	5964	4148	0	722	5368	
2013	ND	540	134	0	1395	575	154	0	0	570	
2013	NE	1532	1440	0	173	1705	1826	0	197	1044	
2013	NH	685	551	9	202	681	643	9	77	993	
2013	NJ	7224	3360	19	1399	4940	2942	20	383	4880	
2013	NM	1495	896	0	428	1397	1016	0	179	1536	
2013	NV	2496	1182	20	3341	2427	1477	25	0	2598	
2013	NY	61742	11375	156	4157	63065	12517	180	230	32282	
2013	OH	6336	4555	96	1338	6271	4999	98	1933	12863	
2013	OK	2301	915	46	1146	3003	1109	50	49	1112	
2013	OR	2800	3619	13	7390	3156	4208	15	543	5747	
2013	PA	6943	6555	229	1359	7793	7565	254	758	12304	
2013	PR	339	995	68	2726	481	1396	87	39	1740	
2013	RI	850	400	17	117	699	465	17	0	1615	
2013	SC	1677	1722	12	3133	1717	2155	12	265	1958	
2013	SD	433	322	0	339	980	608	0	0	614	
2013	TN	3421	2881	19	3207	3340	3596	24	19	4358	
2013	TX	9935	7456	134	12090	13088	9011	158	325	11392	
2013	UT	1773	1037	49	418	1602	1189	49	348	2035	
2013	VA	4285	2260	58	1022	3972	2855	68	1040	3272	
2013	VI	68	51	0	363	91	60	0	0	59	
2013	VT	959	307	4	184	1067	341	6	0	549	
2013	WA	5969	6684	54	5053	6554	8107	55	3835	9046	
2013	WI	3036	2638	62	368	3375	3042	64	220	2784	
2013	WV	1100	501	11	628	1278	672	13	17	1206	
2013	WY	292	209	0	452	596	309	0	0	198	
2014	AK	1139	500	0	145	1189	625	0	158	715	0
2014	AL	1851	1636	31	1043	1838	1852	34	53	2891	0
2014	AR	1021	482	0	1433	1466	685	0	157	923	22
2014	AZ	4291	3595	40	2569	4481	4352	40	557	7358	707
2014	CA	20964	21365	186	71437	17869	25959	207	3621	45580	2516
2014	CO	4002	4058	23	1945	3753	4688	25	388	3091	10
2014	CT	2481	1050	0	919	2238	1173	0	247	5705	0
2014	DC	5754	1598	0	396	5157	2124	0	2326	6414	0
2014	DE	435	429	0	37	552	620	0	130	598	0
2014	FL	10250	9469	132	21691	10286	11892	138	1702	15742	308
2014	GA	4441	3773	0	8307	4765	4491	0	521	6923	0
2014	GU	57	69	0	1230	102	84	0	0	102	0
2014	HI	1162	2626	25	3105	1492	2819	25	78	1220	0
2014	IA	1387	1539	0	196	1681	1962	0	264	1098	171
2014	ID	739	729	0	636	859	909	0	219	835	0
2014	IL	5031	6281	97	1698	5174	7407	95	625	12317	72
2014	IN	3376	2170	22	403	3796	3021	25	976	2947	46
2014	KS	1460	1064	10	249	1852	1316	20	232	1408	0
2014	KY	2382	1865	11	831	2198	2053	11	179	3077	0
2014	LA	1451	2030	22	1103	1976	2565	33	502	4596	25
2014	MA	16835	3576	67	759	11287	4114	70	2370	11948	146
2014	MD	3703	2469	95	1589	2818	3027	105	247	7145	215
2014	ME	1107	1515	11	93	1184	1531	15	60	2464	0
2014	MI	5513	4522	40	2152	5348	5239	56	586	8644	122
2014	MN	4414	3168	0	795	4041	3295	0	1707	10921	0
2014	MO	3521	2732	56	973	3882	3348	54	623	5659	90
2014	MS	732	673	0	821	763	844	0	62	530	0
2014	MT	471	440	0	834	746	591	0	102	564	0
2014	NC	5631	3243	0	2617	6008	3716	0	1667	5597	30
2014	ND	639	155	0	464	736	200	0	43	650	0
2014	NE	1584	1333	0	109	1735	1711	0	123	1033	125
2014	NH	710	526	7	133	739	650	9	184	1083	0
2014	NJ	7692	2989	55	935	4543	2998	20	1274	5724	12
2014	NM	1409	909	0	428	1375	950	0	159	1771	0
2014	NV	3582	1205	10	3785	3523	1627	25	0	2842	0
2014	NY	66893	9405	189	4103	68152	10151	203	966	34698	497
2014	OH	7043	3604	73	1103	6660	4026	73	3366	14211	0
2014	OK	2499	710	50	932	2962	868	50	32	1392	10
2014	OR	2767	3324	10	6063	2952	3962	10	931	5835	0
2014	PA	7733	6294	274	1032	8053	7587	282	1544	11862	2003
2014	PR	406	936	64	2726	589	1286	87	43	1988	0
2014	RI	803	345	22	20	759	449	17	0	1493	176
2014	SC	1782	1455	12	1808	1653	1808	12	353	1748	189
2014	SD	528	302	0	55	1154	593	0	60	526	71
2014	TN	4160	2206	17	3032	3628	3139	24	320	4563	97
2014	TX	10601	7494	133	10267	12942	9348	153	1404	12209	1440
2014	UT	1762	959	47	313	1535	1156	49	657	2264	6
2014	VA	4281	1987	62	690	3816	2394	64	2062	3582	138
2014	VI	51	34	0	363	84	43	0	0	22	0
2014	VT	1031	359	6	163	653	381	6	138	598	0
2014	WA	6202	6296	42	5902	7209	7632	45	3207	9046	491
2014	WI	3111	2541	60	343	3436	3004	64	418	2675	0
2014	WV	1189	381	13	430	1363	589	13	73	1219	108
2014	WY	268	295	0	194	445	370	0	67	236	0
2015	AK	1127	512	0	317	1184	676	0	35	776	71
2015	AL	1574	1349	20	1027	1868	1711	34	720	2995	210
2015	AR	1161	515	2	882	1727	759	0	124	708	328
2015	AZ	3395	3504	40	2957	3692	3741	40	1543	6789	1322
2015	CA	22750	19128	161	73699	20857	24900	172	6673	50221	1745
2015	CO	3782	3328	24	2819	3263	4365	25	849	3334	10
2015	CT	2418	1003	0	626	2295	1104	0	406	6216	0
2015	DC	5085	1669	0	544	4843	2120	0	2921	5679	0
2015	DE	529	387	0	37	588	558	0	176	727	0
2015	FL	9894	8865	124	17017	10891	10997	138	3126	16271	1483
2015	GA	3984	4003	0	5803	4416	4803	0	991	8319	28
2015	GU	73	14	0	1193	132	22	0	0	104	0
2015	HI	1257	2494	26	3843	1404	2934	25	54	1305	0
2015	IA	1225	1653	0	203	1615	1991	0	271	1022	241
2015	ID	790	707	0	469	939	920	0	306	854	0
2015	IL	4684	5694	85	2714	4918	6977	80	976	12162	272
2015	IN	3082	2150	48	583	3715	2746	50	1248	3171	132
2015	KS	1353	918	12	305	1844	1115	20	186	1400	12
2015	KY	2281	1515	0	742	2320	1767	0	212	3347	98
2015	LA	1306	1545	39	1191	1931	2055	42	814	4634	27
2015	MA	17444	3052	46	593	13961	3693	53	2515	11088	1904
2015	MD	3953	2543	98	1796	3014	2953	109	601	7405	284
2015	ME	1085	1215	13	59	1204	1357	15	173	2764	0
2015	MI	5393	3996	55	1072	5634	4622	81	1729	8026	8395
2015	MN	3764	2941	0	841	3639	3140	0	3229	12372	228
2015	MO	3379	1973	59	1071	4128	2514	58	907	5016	148
2015	MS	523	618	0	842	729	769	0	262	314	0
2015	MT	535	302	0	872	761	463	0	50	550	23
2015	NC	5672	2588	0	2425	6062	3275	0	1340	6250	0
2015	ND	640	179	0	486	770	196	0	16	746	0
2015	NE	1493	1128	0	123	1559	1414	0	417	1024	181
2015	NH	770	535	8	132	748	612	9	116	1110	0
2015	NJ	6877	2225	22	974	4618	3099	20	1201	5939	152
2015	NM	1387	788	0	454	1265	1012	0	336	2049	0
2015	NV	3251	1262	15	4215	2904	1537	25	447	2587	56
2015	NY	75646	8400	182	4022	77017	9345	216	3055	39971	602
2015	OH	6942	3056	85	1099	6676	3506	91	3707	15824	0
2015	OK	2309	665	25	778	2933	846	25	104	1517	10
2015	OR	3214	2608	9	7395	3062	3072	10	2000	5889	79
2015	PA	7576	6155	262	1428	8452	7420	268	2604	13610	1087
2015	PR	399	959	63	3097	646	1391	75	272	1721	284
2015	RI	743	332	0	36	705	437	0	373	1506	118
2015	SC	1639	1807	12	1896	1676	2067	12	265	1976	104
2015	SD	642	258	0	136	1112	348	0	80	621	0
2015	TN	3540	2324	15	3244	4237	2728	16	740	4800	99
2015	TX	10244	5829	119	7486	13382	7302	128	2059	13058	438
2015	UT	1912	865	22	226	1697	1039	24	637	2403	2
2015	VA	4453	1688	49	811	3942	2079	56	2029	4020	312
2015	VI	53	32	0	252	82	46	0	0	35	0
2015	VT	1082	287	4	150	583	316	4	315	529	0
2015	WA	6624	5630	44	7121	7415	7016	45	6415	9628	3601
2015	WI	3112	2443	60	442	3656	2983	64	514	2918	95
2015	WV	1020	370	13	432	1279	523	13	158	1166	148
2015	WY	231	276	0	291	450	403	0	15	207	0
2016	AK	1007	491	0	442	1095	731	0	72	653	130
2016	AL	1601	1258	34	1218	1912	1543	34	927	3394	113
2016	AR	1092	514	10	847	1731	663	0	279	1149	36
2016	AZ	3701	2722	40	3244	3922	2980	40	1902	7504	1320
2016	CA	21766	17860	126	78390	20240	21966	145	8807	56416	2841
2016	CO	4467	3098	46	2939	3541	4048	67	1124	3975	54
2016	CT	2370	859	0	673	2276	960	0	639	6627	0
2016	DC	6259	1773	0	318	6077	2237	0	3824	6567	2296
2016	DE	621	398	0	51	590	580	0	144	601	65
2016	FL	10526	7542	130	15361	11372	10081	122	5158	16766	1093
2016	GA	3963	3580	0	5366	4362	4430	0	1490	8784	28
2016	GU	105	7	0	973	125	21	0	0	160	0
2016	HI	1226	2361	26	4308	1714	2673	25	163	2132	0
2016	IA	1332	1589	0	143	1483	2085	0	642	1102	158
2016	ID	832	677	0	738	1075	831	0	291	839	0
2016	IL	4183	5459	94	1854	4597	6675	109	1188	13845	260
2016	IN	3164	1909	34	691	3918	2511	50	581	3631	118
2016	KS	1080	881	12	282	1433	1009	20	205	1293	12
2016	KY	2112	1419	0	706	2228	1569	0	512	3449	324
2016	LA	1444	1366	43	1141	1757	1868	50	1195	4990	13
2016	MA	15714	3093	41	760	13903	3433	46	3314	11385	3643
2016	MD	3647	2436	78	1528	3188	2865	85	1081	8146	332
2016	ME	1060	1049	12	120	1274	1195	15	79	2561	157
2016	MI	5394	2905	57	960	5549	3630	82	2294	9997	13763
2016	MN	3700	2752	0	889	3737	3134	0	2095	12256	561
2016	MO	3050	1890	38	1216	4117	2372	40	1272	5370	108
2016	MS	524	365	0	849	723	660	0	575	334	0
2016	MT	481	307	0	630	781	476	0	340	671	14
2016	NC	5215	2035	0	2309	6060	2581	0	2223	6239	259
2016	ND	535	172	0	216	744	236	0	71	575	158
2016	NE	1484	1169	0	101	1399	1334	0	600	1113	199
2016	NH	653	562	8	143	807	660	9	144	1097	0
2016	NJ	5514	1927	20	1434	4619	2488	20	1477	5916	536
2016	NM	1241	568	0	454	1087	793	0	508	2388	8
2016	NV	2328	1118	25	3927	2198	1354	25	521	2778	0
2016	NY	75595	7003	163	3591	76479	8052	199	2493	42167	659
2016	OH	6530	2647	89	1138	6628	3124	92	4463	16751	22
2016	OK	2425	638	24	1020	2914	823	25	227	1572	10
2016	OR	3138	2090	8	8002	3261	2520	10	2394	6492	122
2016	PA	7784	5689	191	1675	8630	6840	212	3266	13059	1115
2016	PR	343	921	57	3097	645	1278	77	73	1806	285
2016	RI	822	301	0	37	703	419	0	308	1452	344
2016	SC	1832	1517	12	1690	1755	1954	12	542	2178	124
2016	SD	616	271	0	185	813	344	0	33	618	0
2016	TN	3729	2037	7	3006	4319	2652	8	1394	5002	42
2016	TX	10448	5669	97	6908	13328	6863	106	3415	12725	2434
2016	UT	1984	587	0	236	1810	689	0	1012	2393	2
2016	VA	3900	1559	43	766	4013	1873	56	2625	4314	725
2016	VI	53	36	0	252	92	51	0	7	68	0
2016	VT	660	297	4	156	424	324	4	465	575	14
2016	WA	6752	5567	42	8466	7787	6795	45	7476	10383	2841
2016	WI	3044	2167	64	410	3614	2726	64	895	3087	271
2016	WV	963	278	11	135	1269	449	13	308	1353	155
2016	WY	297	194	0	366	511	301	0	8	208	6
2017	AK	1017	534	0	294	1130	698	0	66	939	101
2017	AL	1644	978	34	1137	2073	1334	37	637	3156	113
2017	AR	915	358	0	1194	1513	549	0	343	1123	38
2017	AZ	3841	1904	36	3166	3866	1978	36	1536	8625	1076
2017	CA	26854	15656	126	88896	24799	19537	137	11817	59836	4645
2017	CO	4135	2921	25	3859	3761	3285	25	1625	6027	267
2017	CT	2249	723	0	416	2248	846	0	820	6982	0
2017	DC	5363	1213	0	897	5888	1514	0	4480	6336	1751
2017	DE	564	372	0	58	575	568	0	216	671	101
2017	FL	10732	6266	113	15079	11493	8366	123	4945	17817	1539
2017	GA	3821	2830	0	3523	4593	3534	0	1379	8271	43
2017	GU	87	0	0	765	129	0	0	108	153	0
2017	HI	1341	2054	25	3800	1693	2534	25	1219	2126	0
2017	IA	1373	1279	0	104	1524	1742	0	629	1069	199
2017	ID	1003	395	0	639	1125	566	0	263	831	0
2017	IL	4160	4306	75	2257	4797	5299	81	1902	13593	570
2017	IN	3368	1457	44	569	3988	2104	50	929	3667	78
2017	KS	1277	659	6	345	1755	741	20	636	1518	0
2017	KY	2174	1122	2	727	2276	1262	2	717	3289	433
2017	LA	1326	967	37	975	1734	1385	45	1154	5107	13
2017	MA	14301	2196	77	991	13732	2797	85	5620	11397	4417
2017	MD	3557	1877	77	1736	3334	2197	85	1412	8458	427
2017	ME	993	1092	15	180	1217	1225	15	369	2500	24
2017	MI	5656	2326	46	1023	5710	2851	63	3126	10913	22218
2017	MN	3620	2940	0	1108	3766	3247	0	2396	10877	2180
2017	MO	3133	1719	33	1152	3858	2159	40	1059	6040	80
2017	MS	421	332	0	719	842	480	0	1181	361	0
2017	MT	748	237	0	544	946	344	0	511	967	14
2017	NC	4893	1618	0	2451	5881	2121	0	2415	6624	252
2017	ND	584	174	0	331	896	138	0	71	630	0
2017	NE	1608	773	0	120	1576	993	0	621	1105	280
2017	NH	764	509	9	174	807	567	9	228	1125	78
2017	NJ	5264	1836	22	1414	4766	2215	20	1438	6600	296
2017	NM	1254	432	0	796	1112	562	0	800	2634	0
2017	NV	2270	965	20	4578	1994	1312	25	698	3201	0
2017	NY	79149	5724	75	4555	81468	6276	92	5172	41577	517
2017	OH	6759	1967	60	1309	7069	2287	64	4131	16770	30
2017	OK	2385	677	22	1115	2829	824	25	345	1679	10
2017	OR	3767	2212	7	7967	4107	2531	10	3267	7232	145
2017	PA	7524	4646	170	1798	8248	5806	192	3891	13163	1170
2017	PR	396	591	26	2512	684	815	32	231	1838	280
2017	RI	807	304	0	69	726	343	0	328	1239	712
2017	SC	1619	783	13	1501	1898	1020	13	473	2497	162
2017	SD	590	182	0	171	966	390	0	182	459	0
2017	TN	3896	1642	6	2765	3959	2359	8	1293	4681	176
2017	TX	10545	4439	71	8493	13475	5785	84	4775	14376	2814
2017	UT	2165	409	0	278	2280	474	0	1132	2562	125
2017	VA	3861	1146	52	1008	4109	1462	57	2840	4188	912
2017	VI	39	35	0	307	83	49	0	29	69	0
2017	VT	843	245	3	134	649	308	4	703	609	0
2017	WA	7448	5030	43	8591	8428	5815	45	5906	11504	3026
2017	WI	3062	1543	82	340	3422	2012	91	1367	3265	460
2017	WV	920	190	11	188	1338	306	13	262	1239	330
2017	WY	321	189	0	363	361	337	0	25	285	0
2018	AK	1248	459	0	309	1398	542	0	215	948	71
2018	AL	1519	865	40	1010	2114	1040	34	309	3317	0
2018	AR	933	516	6	1257	1738	624	0	174	1148	8
2018	AZ	3615	2144	40	4066	4058	2588	37	2522	9255	1086
2018	CA	27475	12737	217	89543	27246	16004	298	17580	63163	5062
2018	CO	4158	2348	22	4329	4425	3082	25	1643	4840	304
2018	CT	2879	516	0	581	2835	582	0	968	7059	0
2018	DC	5095	1209	0	600	5268	1453	0	3570	7950	2009
2018	DE	702	282	5	93	629	488	5	155	850	92
2018	FL	12089	5419	129	13393	12424	6948	182	7097	18628	1925
2018	GA	3434	2466	0	3599	4117	3246	0	2319	8327	19
2018	GU	124	3	0	727	134	6	0	66	147	0
2018	HI	1528	1527	0	3475	1838	1726	35	1869	2540	0
2018	IA	1481	1004	23	241	1601	1401	24	794	1054	234
2018	ID	954	335	0	723	1033	380	0	423	905	0
2018	IL	6247	2381	73	1942	6939	3195	76	2159	14779	481
2018	IN	3370	1218	91	579	3823	1645	100	903	3631	96
2018	KS	1300	555	4	357	1698	881	20	795	1479	0
2018	KY	2340	480	0	868	2310	565	0	1069	3253	443
2018	LA	1163	795	36	1065	1508	1075	64	2176	5606	13
2018	MA	16855	2148	80	985	14796	2403	111	5156	11998	3948
2018	MD	3603	1700	77	1764	3470	1970	89	1262	7194	1911
2018	ME	1012	1391	15	98	1225	1494	15	298	2360	89
2018	MI	5499	1881	72	899	6012	2441	78	4099	9662	2777
2018	MN	3855	2251	16	1121	4002	2640	18	2560	10464	4287
2018	MO	3262	1369	38	1214	3730	1843	51	1472	5842	148
2018	MS	404	327	0	621	649	430	0	794	343	0
2018	MT	793	239	0	373	1039	337	0	654	883	14
2018	NC	5289	1529	0	2450	5965	1998	0	2392	6439	383
2018	ND	339	155	0	48	455	261	10	76	517	10
2018	NE	1736	541	0	144	1686	704	0	896	1240	273
2018	NH	812	476	8	154	819	521	9	307	1114	87
2018	NJ	5805	1951	19	1623	4624	2455	20	1695	6759	443
2018	NM	1368	387	0	796	1111	540	0	842	2545	124
2018	NV	2183	921	201	4239	1736	1082	215	700	3318	68
2018	NY	82370	5137	96	4294	82292	5676	95	4954	42183	668
2018	OH	7234	1608	92	1315	7265	1905	99	5352	17895	46
2018	OK	2077	586	17	1191	2646	668	25	513	1917	14
2018	OR	3757	1786	8	8925	4174	2235	10	3621	7426	190
2018	PA	7863	3625	280	1744	8096	4501	312	4824	12895	375
2018	PR	342	312	16	2512	455	478	22	213	1931	255
2018	RI	739	311	0	51	662	341	0	366	1244	658
2018	SC	1997	577	15	1344	2146	838	17	551	2052	237
2018	SD	707	167	0	285	990	100	0	373	519	25
2018	TN	3547	1470	11	2855	3786	1875	13	1075	4714	180
2018	TX	11307	3405	64	10534	13487	4410	109	5143	14432	2393
2018	UT	1946	510	0	420	2387	581	0	1409	2624	155
2018	VA	4232	810	18	915	4184	1079	40	3119	4375	849
2018	VI	137	42	0	307	154	51	0	11	73	0
2018	VT	1029	180	0	82	675	262	0	588	576	22
2018	WA	7652	3990	41	10621	9492	5474	50	4942	11899	3535
2018	WI	3139	1319	67	382	3190	1463	68	1598	3583	629
2018	WV	870	180	10	183	1292	287	14	387	1261	154
2018	WY	269	171	0	199	345	215	0	32	230	0
2019	AK	1218	416	0	273	1374	504	0	238	987	71
2019	AL	1503	538	29	1191	1937	730	34	208	3166	8
2019	AR	950	352	0	1415	1497	420	0	300	1191	0
2019	AZ	3437	1978	60	4532	3787	2713	68	2512	9238	315
2019	CA	30723	11853	270	108432	31028	14969	309	20441	65397	4695
2019	CO	4818	2578	35	2188	4796	3337	63	1137	4862	662
2019	CT	2116	456	5	456	2147	545	5	1020	7151	0
2019	DC	4679	1234	0	608	4651	1505	0	5904	7546	2307
2019	DE	606	220	0	95	577	437	0	131	904	100
2019	FL	10465	5213	174	12476	11595	6805	217	6161	18547	1993
2019	GA	4463	2100	0	3880	4702	2898	0	2809	8099	254
2019	GU	102	9	0	764	155	6	0	90	166	3
2019	HI	1587	1185	0	3640	1757	1320	44	1344	3209	60
2019	IA	1374	729	24	188	1549	945	24	804	1036	239
2019	ID	999	331	0	985	1076	390	0	378	909	0
2019	IL	5892	2347	71	1889	6913	2944	82	2486	14752	519
2019	IN	3598	1188	43	642	4255	1609	52	1120	3757	174
2019	KS	1377	529	0	475	1685	876	0	695	1506	0
2019	KY	2778	522	0	779	2397	652	0	1139	3228	236
2019	LA	1300	629	38	974	1791	862	55	1742	5668	0
2019	MA	15631	1942	69	829	15104	2282	86	4867	12582	4875
2019	MD	3643	1503	67	1348	3444	1770	89	1542	7368	1986
2019	ME	1105	891	15	95	1222	1017	15	331	2532	115
2019	MI	6040	1810	63	662	6264	2307	59	3254	11032	939
2019	MN	4277	2031	16	1653	3948	2390	18	2085	10973	4521
2019	MO	3847	1318	38	976	4031	1784	51	1519	5846	192
2019	MS	415	283	0	486	640	453	0	1171	662	98
2019	MT	755	257	0	345	965	354	0	583	934	0
2019	NC	5495	1551	0	2268	5994	1989	0	1673	5798	387
2019	ND	391	124	30	12	580	141	33	123	516	103
2019	NE	1534	698	23	110	1562	962	34	856	1285	256
2019	NH	822	420	5	149	837	479	9	213	1131	82
2019	NJ	5534	1827	19	1482	4677	2427	47	3030	6838	481
2019	NM	1616	366	0	1259	1950	515	0	809	2209	96
2019	NV	2408	935	19	3807	1938	1100	25	622	3232	31
2019	NY	82967	4978	99	4047	83571	5562	105	5012	44905	3209
2019	OH	7382	1344	112	1507	7431	1696	104	4957	17978	196
2019	OK	2176	523	8	1237	2600	613	8	755	1916	0
2019	OR	3748	1979	7	10142	4406	2731	10	4205	7714	352
2019	PA	8053	3221	295	1630	8457	3923	307	5423	12700	308
2019	PR	300	321	14	1900	430	403	22	289	1899	255
2019	RI	743	241	0	71	662	290	0	259	1518	467
2019	SC	1820	620	15	1717	2209	845	17	468	2071	284
2019	SD	681	80	0	234	939	135	0	323	602	25
2019	TN	3240	1618	11	2598	3306	2094	13	1311	4881	192
2019	TX	10950	3555	121	11222	13383	4776	112	5123	14069	2513
2019	UT	1971	419	0	408	2389	538	0	1208	3012	98
2019	VA	4179	711	34	859	4041	1014	37	2514	4637	935
2019	VI	26	56	0	232	34	44	0	12	64	0
2019	VT	841	134	0	114	630	223	0	465	554	79
2019	WA	8378	3599	43	9557	9622	4415	45	5111	11454	4241
2019	WI	3067	1123	53	295	3179	1281	54	1475	3585	783
2019	WV	1023	118	8	248	1310	190	13	611	1252	119
2019	WY	264	159	0	125	383	236	0	51	225	0
2021	AK	1360	437	0	152	1769	501	0	385	937	88
2021	AL	1095	504	27	930	1682	678	34	434	2819	42
2021	AR	1169	301	0	669	2238	377	0	519	763	0
2021	AZ	3822	1569	69	0	4292	2026	93	2761	8454	354
2021	CA	40662	10547	220	6039	45229	14800	553	25137	69864	11044
2021	CO	5673	2311	32	528	6221	2939	53	1727	5894	1768
2021	CT	1845	311	9	428	2093	478	15	1698	7371	0
2021	DC	3352	1075	3	681	4581	1671	20	7892	11243	5411
2021	DE	1342	237	0	0	537	404	0	290	640	54
2021	FL	9193	4027	173	7728	11592	5568	171	7522	17392	1716
2021	GA	3379	1853	0	254	4789	2868	0	2637	8188	131
2021	GU	185	14	0	0	258	11	0	56	197	3
2021	HI	1713	749	28	0	2281	977	54	1431	2463	70
2021	IA	1426	554	26	528	1674	855	28	1611	1073	208
2021	ID	707	310	0	872	1154	422	0	460	1021	0
2021	IL	4897	1970	66	1025	7035	2797	84	3955	13951	1121
2021	IN	3123	861	66	925	4185	1149	74	1453	4176	460
2021	KS	1001	591	8	203	1586	810	15	655	1334	309
2021	KY	1885	402	0	257	2483	707	0	1312	3339	537
2021	LA	1224	358	31	518	1450	575	51	2162	5789	62
2021	MA	12544	1300	100	1135	14964	1831	114	3670	10480	6322
2021	MD	3115	920	13	502	3966	1633	35	1575	7947	554
2021	ME	1082	966	15	0	1579	1083	15	276	2525	123
2021	MI	5142	1362	42	211	6481	1929	74	3614	9183	1187
2021	MN	4588	1873	0	314	5716	2374	0	2630	10809	5731
2021	MO	2714	1339	26	847	3762	1709	51	2123	5593	321
2021	MS	223	136	0	267	489	453	0	995	474	48
2021	MT	900	268	0	633	1262	454	0	326	901	0
2021	NC	4500	1106	6	1637	5655	1636	36	2875	6184	361
2021	ND	322	136	16	74	566	194	16	136	594	9
2021	NE	1331	422	23	159	1899	666	34	1071	1224	336
2021	NH	877	290	4	320	1230	508	9	346	1260	325
2021	NJ	6002	1434	7	819	3933	2007	10	2214	7291	803
2021	NM	1642	330	0	775	2142	749	0	1191	2598	116
2021	NV	2529	764	0	3797	2646	1056	0	1058	2851	76
2021	NY	71376	4612	63	2869	78086	5564	70	4355	47309	2858
2021	OH	6469	1228	65	153	6969	1865	87	6594	18542	201
2021	OK	1775	556	0	363	1924	662	0	960	1785	0
2021	OR	3615	1555	8	3870	3378	1918	19	4289	7966	73
2021	PA	6525	2586	253	975	8055	3489	298	5865	13177	429
2021	PR	183	244	12	0	282	365	12	320	1810	255
2021	RI	869	217	0	181	608	261	0	445	1308	711
2021	SC	1522	509	11	1165	1982	791	12	859	2176	474
2021	SD	718	99	0	0	1152	131	0	405	528	20
2021	TN	2513	926	4	3380	3868	1554	7	1468	4383	163
2021	TX	8720	2481	74	6020	14441	3747	132	8333	14691	2454
2021	UT	2023	387	0	1155	2130	587	0	1436	3276	64
2021	VA	4760	525	50	477	4863	769	53	3275	5275	1047
2021	VI	12	41	11	113	12	41	12	0	0	0
2021	VT	2500	91	0	0	653	192	0	981	471	131
2021	WA	8303	3143	65	0	10368	3862	84	6979	12159	4378
2021	WI	3183	762	51	241	3812	1021	54	1812	3661	778
2021	WV	709	108	6	315	1290	152	8	548	1137	130
2021	WY	338	67	0	0	586	205	0	75	233	0
2022	AK	1218	416	0	273	2615	473	0	374	1090	279
2022	AL	1503	538	29	1191	2034	646	34	597	2410	73
2022	AR	950	352	0	1415	1920	398	0	348	762	22
2022	AZ	3437	1978	60	4532	4272	1808	82	2613	8979	698
2022	CA	30723	11853	270	108432	52839	15134	634	29487	72086	18377
2022	CO	4818	2578	35	2188	6187	3044	63	2168	6600	2823
2022	CT	2116	456	5	456	1985	419	20	1700	7429	0
2022	DC	4679	1234	0	608	4795	1783	20	7193	14467	6498
2022	DE	606	220	0	95	985	441	0	300	628	45
2022	FL	10465	5213	174	12476	12561	5666	166	9061	17322	3654
2022	GA	4463	2100	0	3880	4641	2661	0	2976	8291	853
2022	GU	102	9	0	764	132	18	0	186	197	315
2022	HI	1587	1185	0	3640	2128	947	48	1612	2653	719
2022	IA	1374	729	24	188	1662	764	28	1340	1094	626
2022	ID	999	331	0	985	1370	471	0	538	930	215
2022	IL	5892	2347	71	1889	7582	2883	88	4282	13781	1330
2022	IN	3598	1188	43	642	4817	1159	25	1761	4201	1963
2022	KS	1377	529	0	475	1532	729	11	742	1366	474
2022	KY	2778	522	0	779	2605	735	0	2077	3494	1156
2022	LA	1300	629	38	974	5893	583	69	2207	5537	681
2022	MA	15631	1942	69	829	15604	2166	138	4263	10301	5918
2022	MD	3643	1503	67	1348	4515	1628	38	1744	7902	2297
2022	ME	1105	891	15	95	3621	1021	15	486	2563	312
2022	MI	6040	1810	63	662	6907	1837	77	3363	8648	1920
2022	MN	4277	2031	16	1653	5572	2307	0	2476	11262	7249
2022	MO	3847	1318	38	976	3852	1985	51	1603	5568	1336
2022	MS	415	283	0	486	525	222	0	1251	479	116
2022	MT	755	257	0	345	1514	479	0	402	902	4
2022	NC	5495	1551	0	2268	5358	1714	36	3885	6357	1885
2022	ND	391	124	30	12	719	132	24	135	533	12
2022	NE	1534	698	23	110	2022	748	0	1030	1235	389
2022	NH	822	420	5	149	1267	576	21	199	1169	631
2022	NJ	5534	1827	19	1482	4141	2190	0	2204	8355	1188
2022	NM	1616	366	0	1259	2144	501	0	1084	2551	57
2022	NV	2408	935	19	3807	3121	1122	0	1548	2726	81
2022	NY	82967	4978	99	4047	72118	5255	70	5461	47980	5042
2022	OH	7382	1344	112	1507	7483	1887	100	4703	18732	691
2022	OK	2176	523	8	1237	2625	637	48	1298	1841	68
2022	OR	3748	1979	7	10142	5162	2114	31	4256	8184	766
2022	PA	8053	3221	295	1630	8847	3280	303	6485	13078	590
2022	PR	300	321	14	1900	376	358	12	358	1886	255
2022	RI	743	241	0	71	647	205	0	432	1389	957
2022	SC	1820	620	15	1717	2205	795	12	856	1990	559
2022	SD	681	80	0	234	1088	145	0	411	482	20
2022	TN	3240	1618	11	2598	3876	1376	7	2936	3988	387
2022	TX	10950	3555	121	11222	15087	3897	141	10883	16497	5936
2022	UT	1971	419	0	408	2382	595	0	1322	3025	452
2022	VA	4179	711	34	859	4797	702	59	3076	5064	1190
2022	VI	26	56	0	232	12	60	11	0	0	0
2022	VT	841	134	0	114	749	198	0	971	464	236
2022	WA	8378	3599	43	9557	12933	4069	76	6426	13496	6866
2022	WI	3067	1123	53	295	3749	1062	54	1915	3939	1592
2022	WV	1023	118	8	248	1379	176	8	610	1128	295
2022	WY	264	159	0	125	693	146	0	222	274	0