statecode	year	illicitusepastmon	illicitusepastmon_pcp
AL	2014	325000.0	0.06701891810020133
AL	2015	389000.0	0.08005797102642345
AL	2016	289000.0	0.059424670491230236
AL	2017	353000.0	0.07241401451193262
AL	2018	439000.0	0.08981415426061776
AL	2019	434000.0	0.08851389453997759
AL	2021	403000.0	0.07996226892045183
AL	2013	304000.0	0.06289149438052084
AL	2012	308000.0	0.06387360657549747
AL	2011	299000.0	0.06225612879314724
AK	2014	77000.0	0.10451561761943284
AK	2015	127000.0	0.171986046108511
AK	2016	103000.0	0.13883384957958952
AK	2017	98000.0	0.13246912996167856
AK	2018	106000.0	0.14374089753986097
AK	2019	110000.0	0.15036668967732675
AK	2021	127000.0	0.1733379010827477
AK	2013	75000.0	0.10202249391945936
AK	2012	80000.0	0.10937194527574719
AK	2011	77000.0	0.10654224746028187
AZ	2014	614000.0	0.09121317082533362
AZ	2015	734000.0	0.10749751210628487
AZ	2016	568000.0	0.08194981699076521
AZ	2017	624000.0	0.08893614413356385
AZ	2018	736000.0	0.10262637057099584
AZ	2019	765000.0	0.10510094017942997
AZ	2021	1133000.0	0.15571066457256666
AZ	2013	564000.0	0.08511121198365865
AZ	2012	509000.0	0.07767132516589084
AZ	2011	509000.0	0.07851902929500247
AR	2014	215000.0	0.07247918246179083
AR	2015	284000.0	0.09535948511250404
AR	2016	219000.0	0.0732870899604049
AR	2017	260000.0	0.08654322717696991
AR	2018	266000.0	0.08825993546406974
AR	2019	236000.0	0.0782025605373974
AR	2021	281000.0	0.092865208958287
AR	2013	194000.0	0.06555442656265364
AR	2012	182000.0	0.0617130944674889
AR	2011	182000.0	0.06194734543711851
CA	2014	3671000.0	0.09460730623026867
CA	2015	4936000.0	0.12609587302206898
CA	2016	4097000.0	0.10438212039500518
CA	2017	4309000.0	0.10898747549520695
CA	2018	4443000.0	0.1123188044000759
CA	2019	5034000.0	0.12740361381337617
CA	2021	5207000.0	0.13270354664818926
CA	2013	3527000.0	0.09201064547776547
CA	2012	3437000.0	0.09034886438285837
CA	2011	3213000.0	0.0852437520282866
CO	2014	737000.0	0.13760613129604063
CO	2015	1033000.0	0.1893129278554639
CO	2016	785000.0	0.14168281279188238
CO	2017	829000.0	0.14784683994768114
CO	2018	928000.0	0.16293382007471077
CO	2019	924000.0	0.16045187693966176
CO	2021	995000.0	0.1711954899365441
CO	2013	641000.0	0.12166957996661963
CO	2012	518000.0	0.09985384327418824
CO	2011	559000.0	0.10924805288309325
CT	2014	302000.0	0.08396639453584517
CT	2015	479000.0	0.1333932628326268
CT	2016	335000.0	0.09366824998629927
CT	2017	377000.0	0.10506707571295118
CT	2018	439000.0	0.12287745982340914
CT	2019	434000.0	0.1217293306261179
CT	2021	482000.0	0.13368105198667515
CT	2013	302000.0	0.08398033414162087
CT	2012	290000.0	0.08077213706641725
CT	2011	271000.0	0.07568333533945372
DE	2014	82000.0	0.0876429809729226
DE	2015	103000.0	0.10888708937410009
DE	2016	82000.0	0.08612857315414389
DE	2017	95000.0	0.09875886100885815
DE	2018	107000.0	0.11063193582106991
DE	2019	118000.0	0.12117925904017811
DE	2021	144000.0	0.14351434744823519
DE	2013	74000.0	0.07993527403216207
DE	2012	71000.0	0.07741862321337445
DE	2011	67000.0	0.07385890743935578
DC	2014	85000.0	0.12900425410499125
DC	2015	134000.0	0.19933712966434008
DC	2016	98000.0	0.14387010584729215
DC	2017	117000.0	0.16859469834517818
DC	2018	118000.0	0.16798229068054182
DC	2019	114000.0	0.16153051580661112
DC	2021	133000.0	0.19849264980225356
DC	2013	83000.0	0.12839373252955763
DC	2012	73000.0	0.11544732676179738
DC	2011	71000.0	0.11488747499983819
FL	2014	1552000.0	0.0780162282803097
FL	2015	2152000.0	0.10616008704337843
FL	2016	1696000.0	0.08228041329800903
FL	2017	1836000.0	0.08749356664951106
FL	2018	1931000.0	0.0906601500282286
FL	2019	2093000.0	0.09744974528741086
FL	2021	2179000.0	0.10004073250935397
FL	2013	1423000.0	0.07277707711301569
FL	2012	1352000.0	0.0699881061632603
FL	2011	1320000.0	0.06926391661631914
GA	2014	794000.0	0.07863454772210868
GA	2015	1052000.0	0.10298721666278343
GA	2016	791000.0	0.07671886879725279
GA	2017	711000.0	0.06817280300198122
GA	2018	821000.0	0.07804571996226048
GA	2019	899000.0	0.084672146904197
GA	2021	1100000.0	0.10185594495186195
GA	2013	771000.0	0.07716043977247378
GA	2012	593000.0	0.059778557239984695
GA	2011	517000.0	0.05267335085036388
HI	2014	110000.0	0.07748874475982363
HI	2015	147000.0	0.10268209831915692
HI	2016	119000.0	0.08330084133849752
HI	2017	111000.0	0.07775624887043286
HI	2018	119000.0	0.08377385002791288
HI	2019	136000.0	0.0960538805767753
HI	2021	126000.0	0.08740573534237035
HI	2013	117000.0	0.08333012832839763
HI	2012	109000.0	0.0782869943755463
HI	2011	95000.0	0.0691004575177661
ID	2014	102000.0	0.06240577950936821
ID	2015	152000.0	0.0918467850603953
ID	2016	123000.0	0.0730777000130708
ID	2017	125000.0	0.07280381468691739
ID	2018	134000.0	0.07638774877323555
ID	2019	148000.0	0.08281735695120211
ID	2021	184000.0	0.09679508323062007
ID	2013	89000.0	0.0552062605140013
ID	2012	92000.0	0.05765393600914442
ID	2011	118000.0	0.07444865408820904
IL	2014	1024000.0	0.07949952564247884
IL	2015	1339000.0	0.10412134685899956
IL	2016	997000.0	0.07788126099526002
IL	2017	1076000.0	0.08404921628402011
IL	2018	1179000.0	0.09253532667560364
IL	2019	1284000.0	0.10132718888626978
IL	2021	1726000.0	0.13621151580767787
IL	2013	934000.0	0.07250350970549524
IL	2012	931000.0	0.07230924746733171
IL	2011	910000.0	0.07071114195463779
IN	2014	497000.0	0.07533893044488624
IN	2015	760000.0	0.11480917506586422
IN	2016	549000.0	0.08276731695042991
IN	2017	621000.0	0.09314788554299817
IN	2018	658000.0	0.0983281524259707
IN	2019	700000.0	0.10397760381829528
IN	2021	740000.0	0.10872783292939964
IN	2013	430000.0	0.06544002634645898
IN	2012	457000.0	0.06990617276094506
IN	2011	479000.0	0.07350095643311368
IA	2014	162000.0	0.05213821389927541
IA	2015	235000.0	0.07522650380181946
IA	2016	176000.0	0.0561458490512468
IA	2017	212000.0	0.06739334923011046
IA	2018	247000.0	0.07826002924453725
IA	2019	242000.0	0.076701943221545
IA	2021	334000.0	0.1046012328539319
IA	2013	188000.0	0.060833234101816715
IA	2012	190000.0	0.06180497861873029
IA	2011	161000.0	0.052574707516452455
KS	2014	188000.0	0.06473782386559877
KS	2015	292000.0	0.10028708896460793
KS	2016	191000.0	0.06569694309716027
KS	2017	197000.0	0.06762501960953932
KS	2018	210000.0	0.07212752145793763
KS	2019	240000.0	0.08238040938944446
KS	2021	318000.0	0.10836296276607707
KS	2013	141000.0	0.04872221667426296
KS	2012	127000.0	0.04400699260717175
KS	2011	155000.0	0.05398368230010887
KY	2014	306000.0	0.06933340463042917
KY	2015	449000.0	0.10146681696109369
KY	2016	320000.0	0.07212122496097566
KY	2017	336000.0	0.07543460773667215
KY	2018	379000.0	0.08481779392274912
KY	2019	425000.0	0.09512782157512423
KY	2021	434000.0	0.09624353072718862
KY	2013	263000.0	0.05983671175654876
KY	2012	259000.0	0.05912681789282522
KY	2011	249000.0	0.05698780323690723
LA	2014	324000.0	0.06968227463591012
LA	2015	427000.0	0.09142051639103488
LA	2016	341000.0	0.07283731902275814
LA	2017	356000.0	0.07599801295082993
LA	2018	369000.0	0.0791849231906245
LA	2019	360000.0	0.07743943913195551
LA	2021	550000.0	0.11894342769439843
LA	2013	295000.0	0.06377730263086778
LA	2012	260000.0	0.05649848877407623
LA	2011	251000.0	0.0548653547362135
ME	2014	155000.0	0.11653355527336892
ME	2015	227000.0	0.17076297196779125
ME	2016	171000.0	0.12842861209226733
ME	2017	189000.0	0.14147691418639172
ME	2018	203000.0	0.15167318687033213
ME	2019	220000.0	0.1636646600387439
ME	2021	241000.0	0.17562435917149027
ME	2013	130000.0	0.09786930984068382
ME	2012	114000.0	0.08576639040860914
ME	2011	109000.0	0.08206669537746163
MD	2014	535000.0	0.08951866899292502
MD	2015	757000.0	0.12603221130257536
MD	2016	579000.0	0.0962362005349669
MD	2017	599000.0	0.09897265066768536
MD	2018	584000.0	0.09664525135874287
MD	2019	644000.0	0.10652234322689921
MD	2021	768000.0	0.12457160263799832
MD	2013	440000.0	0.07421383096180788
MD	2012	356000.0	0.060497270570473966
MD	2011	355000.0	0.06090981418388827
MA	2014	759000.0	0.11252099205859749
MA	2015	1058000.0	0.15571596818684502
MA	2016	818000.0	0.12008610379168203
MA	2017	940000.0	0.1370298545777957
MA	2018	939000.0	0.13604458553415755
MA	2019	1008000.0	0.14624585582334892
MA	2021	1102000.0	0.15777289951226411
MA	2013	658000.0	0.09831425419225129
MA	2012	616000.0	0.09268532249677407
MA	2011	647000.0	0.09821578204658009
MI	2014	975000.0	0.09838669036961811
MI	2015	1266000.0	0.12758783606192586
MI	2016	1024000.0	0.10313951028877048
MI	2017	1129000.0	0.11332711857720563
MI	2018	1218000.0	0.12184977563334622
MI	2019	1312000.0	0.13137266309110063
MI	2021	1627000.0	0.16187748431444984
MI	2013	954000.0	0.09640626935830815
MI	2012	905000.0	0.09156804973207493
MI	2011	889000.0	0.09001449648533387
MN	2014	403000.0	0.07384775963672033
MN	2015	579000.0	0.10547228082805395
MN	2016	417000.0	0.07554413516639275
MN	2017	422000.0	0.07567326793393687
MN	2018	498000.0	0.08875140144343996
MN	2019	534000.0	0.09468702922460188
MN	2021	672000.0	0.11774208526138918
MN	2013	343000.0	0.06327969625745797
MN	2012	369000.0	0.06859833887914032
MN	2011	362000.0	0.06772860884501954
MS	2014	207000.0	0.06913645231137856
MS	2015	212000.0	0.07084772984824884
MS	2016	197000.0	0.06591437287994951
MS	2017	227000.0	0.07606983680171577
MS	2018	214000.0	0.0716550645732673
MS	2019	225000.0	0.07560105357628263
MS	2021	325000.0	0.110170798636594
MS	2013	176000.0	0.0588391241395196
MS	2012	188000.0	0.06298313593033797
MS	2011	195000.0	0.0654689321379266
MO	2014	465000.0	0.07668725568306163
MO	2015	683000.0	0.11226772252021476
MO	2016	523000.0	0.08583620548170032
MO	2017	526000.0	0.08603864345520723
MO	2018	521000.0	0.08504106455090156
MO	2019	543000.0	0.08847354298901755
MO	2021	759000.0	0.12305074408412067
MO	2013	443000.0	0.07329375691058376
MO	2012	372000.0	0.06177362027290655
MO	2011	362000.0	0.06022605066175453
MT	2014	95000.0	0.09281159539224623
MT	2015	133000.0	0.128757566927312
MT	2016	115000.0	0.1103096343475425
MT	2017	126000.0	0.11994368358475496
MT	2018	140000.0	0.1317888930203661
MT	2019	147000.0	0.13754025625527472
MT	2021	163000.0	0.1476086938803971
MT	2013	94000.0	0.09259578492166298
MT	2012	97000.0	0.09650387358589492
MT	2011	100000.0	0.10018042494532653
NE	2014	105000.0	0.05580644835538397
NE	2015	166000.0	0.08754396974986683
NE	2016	134000.0	0.07026316175838282
NE	2017	141000.0	0.07343459321401861
NE	2018	150000.0	0.077749695739524
NE	2019	149000.0	0.07702614960235897
NE	2021	183000.0	0.09319180400999749
NE	2013	103000.0	0.055123959334573536
NE	2012	102000.0	0.054970965090742514
NE	2011	99000.0	0.05372723172880664
NV	2014	223000.0	0.07854604577015455
NV	2015	309000.0	0.10688916216538763
NV	2016	252000.0	0.08571259478554505
NV	2017	332000.0	0.1107390530943727
NV	2018	412000.0	0.13577678823302988
NV	2019	450000.0	0.14609649641122072
NV	2021	507000.0	0.16126000360688056
NV	2013	247000.0	0.08852615069659688
NV	2012	250000.0	0.09061480696690132
NV	2011	218000.0	0.08004929273879476
NH	2014	144000.0	0.1085307424633313
NH	2015	199000.0	0.1495556918341089
NH	2016	154000.0	0.11537352177675224
NH	2017	165000.0	0.12287802680230415
NH	2018	181000.0	0.13343575694934898
NH	2019	185000.0	0.1360583241585896
NH	2021	180000.0	0.12959037921024744
NH	2013	128000.0	0.09671625641595244
NH	2012	117000.0	0.08858817703703592
NH	2011	124000.0	0.09406809619828341
NJ	2014	597000.0	0.06679215835447393
NJ	2015	894000.0	0.0997989174608253
NJ	2016	614000.0	0.06864577427681845
NJ	2017	641000.0	0.07117758596720013
NJ	2018	697000.0	0.07823970760575269
NJ	2019	765000.0	0.08612740776767892
NJ	2021	1028000.0	0.11092970531329549
NJ	2013	552000.0	0.06202707864033497
NJ	2012	592000.0	0.06678255847140138
NJ	2011	584000.0	0.06620448229285167
NM	2014	189000.0	0.09062262055685442
NM	2015	253000.0	0.12133658240408535
NM	2016	206000.0	0.0989901562458704
NM	2017	233000.0	0.11158629739424444
NM	2018	245000.0	0.11692122086752682
NM	2019	243000.0	0.11588927852485825
NM	2021	359000.0	0.1696695979964809
NM	2013	182000.0	0.08727815403826908
NM	2012	192000.0	0.09206257569989135
NM	2011	177000.0	0.0850052636027632
NY	2014	1737000.0	0.08796617196794101
NY	2015	2519000.0	0.12724927233268932
NY	2016	1871000.0	0.09475677970578197
NY	2017	1858000.0	0.09360484919467839
NY	2018	1901000.0	0.09727661801181228
NY	2019	2062000.0	0.10599601790129838
NY	2021	2842000.0	0.14327548220240732
NY	2013	1645000.0	0.08371021163315467
NY	2012	1603000.0	0.08190999598830082
NY	2011	1525000.0	0.07834495587175408
NC	2014	704000.0	0.07079671648046997
NC	2015	975000.0	0.09708445909816803
NC	2016	830000.0	0.08179928466032797
NC	2017	828000.0	0.0805963428533383
NC	2018	797000.0	0.0767555053054715
NC	2019	927000.0	0.0883860197916035
NC	2021	983000.0	0.09316509404367027
NC	2013	607000.0	0.061636505057848956
NC	2012	626000.0	0.06419148010889582
NC	2011	692000.0	0.07166230979844354
ND	2014	44000.0	0.0595011102366251
ND	2015	61000.0	0.08058890673881795
ND	2016	44000.0	0.058051092877790575
ND	2017	47000.0	0.06221926864559243
ND	2018	54000.0	0.07104543355475827
ND	2019	56000.0	0.07348483456726618
ND	2021	69000.0	0.08903823224267951
ND	2013	38000.0	0.05253022907326999
ND	2012	36000.0	0.051455916572807264
ND	2011	31000.0	0.04532614353473737
OH	2014	847000.0	0.0730540013970823
OH	2015	1179000.0	0.10152045611358512
OH	2016	1008000.0	0.08678901564466718
OH	2017	990000.0	0.08491579055443063
OH	2018	983000.0	0.08409297894630043
OH	2019	1146000.0	0.09804005440966371
OH	2021	1501000.0	0.1274191709570538
OH	2013	939000.0	0.08115250032668418
OH	2012	917000.0	0.07943365622205042
OH	2011	815000.0	0.07059363006391278
OK	2014	266000.0	0.06859115571198006
OK	2015	358000.0	0.09152878119968154
OK	2016	243000.0	0.06193353435820165
OK	2017	270000.0	0.06868718938126579
OK	2018	305000.0	0.0773507200844822
OK	2019	392000.0	0.09906567422404662
OK	2021	568000.0	0.14247590514215108
OK	2013	240000.0	0.06232846686514821
OK	2012	258000.0	0.06763097603556656
OK	2011	274000.0	0.07226676034970782
OR	2014	462000.0	0.11636579057331309
OR	2015	659000.0	0.16356509357089902
OR	2016	594000.0	0.1451093389097012
OR	2017	732000.0	0.1766931159203394
OR	2018	709000.0	0.16918362102105297
OR	2019	712000.0	0.1688109049947875
OR	2021	765000.0	0.1801629945209254
OR	2013	461000.0	0.11730085889164683
OR	2012	454000.0	0.11642957177767696
OR	2011	425000.0	0.10976639386919823
PA	2014	995000.0	0.07781213242076515
PA	2015	1339000.0	0.10458892296295498
PA	2016	1140000.0	0.08917238406358084
PA	2017	1102000.0	0.08605652383027748
PA	2018	1071000.0	0.08362575017217067
PA	2019	1196000.0	0.09342298294429092
PA	2021	1613000.0	0.12442093739798717
PA	2013	904000.0	0.07076985151091676
PA	2012	867000.0	0.06792788456114356
PA	2011	862000.0	0.0676455867218776
RI	2014	131000.0	0.12415025782502016
RI	2015	170000.0	0.16093943186487147
RI	2016	150000.0	0.14198817522476728
RI	2017	159000.0	0.1500511023093714
RI	2018	152000.0	0.14376037415528958
RI	2019	158000.0	0.1491465137946366
RI	2021	187000.0	0.17068117304515293
RI	2013	141000.0	0.13409274843534685
RI	2012	140000.0	0.13329626427698202
RI	2011	130000.0	0.12365619013375795
SC	2014	320000.0	0.06621856015190537
SC	2015	507000.0	0.10355083365569573
SC	2016	348000.0	0.0701454651662256
SC	2017	348000.0	0.06926242877463817
SC	2018	416000.0	0.08182329040954327
SC	2019	450000.0	0.08740046543661194
SC	2021	546000.0	0.10518802359217101
SC	2013	347000.0	0.07267260739053191
SC	2012	345000.0	0.0730356119526907
SC	2011	282000.0	0.060266325869854656
SD	2014	40000.0	0.046883699123860874
SD	2015	75000.0	0.08736483204402255
SD	2016	63000.0	0.07279416352573331
SD	2017	60000.0	0.06899200382675648
SD	2018	60000.0	0.06800909054843664
SD	2019	54000.0	0.0610404687003693
SD	2021	73000.0	0.08152999410303605
SD	2013	42000.0	0.04971137810592548
SD	2012	47000.0	0.056398601314687394
SD	2011	40000.0	0.04853885899704156
TN	2014	393000.0	0.0600059364651648
TN	2015	606000.0	0.09181402236474438
TN	2016	515000.0	0.07742970660606201
TN	2017	538000.0	0.08010739751613465
TN	2018	564000.0	0.08330859186323211
TN	2019	578000.0	0.08463688287924719
TN	2021	695000.0	0.099638462912557
TN	2013	386000.0	0.05942138350838011
TN	2012	381000.0	0.0590126486874797
TN	2011	402000.0	0.06277960937027835
TX	2014	1629000.0	0.06042966717535413
TX	2015	2213000.0	0.08056321001106916
TX	2016	1685000.0	0.06047534120654084
TX	2017	1736000.0	0.061332795564367
TX	2018	1814000.0	0.0632015119585518
TX	2019	2054000.0	0.07083764759553263
TX	2021	2061000.0	0.06979829714506677
TX	2013	1509000.0	0.05705493755282261
TX	2012	1457000.0	0.055911149700165426
TX	2011	1442000.0	0.056164281067406445
UT	2014	167000.0	0.05674670784144358
UT	2015	211000.0	0.07042914044071286
UT	2016	176000.0	0.05768190200828063
UT	2017	196000.0	0.06318844373633267
UT	2018	189000.0	0.059789219276170834
UT	2019	208000.0	0.06487920303385135
UT	2021	293000.0	0.08777776945603248
UT	2013	156000.0	0.05377693328075144
UT	2012	132000.0	0.04623002871515193
UT	2011	108000.0	0.03833563702115062
VT	2014	79000.0	0.1260848886462952
VT	2015	111000.0	0.17730439810747523
VT	2016	99000.0	0.1585029635251059
VT	2017	105000.0	0.16836177578380424
VT	2018	111000.0	0.1772316417557748
VT	2019	115000.0	0.1842981206399472
VT	2021	136000.0	0.21066654274517094
VT	2013	69000.0	0.11011282575044284
VT	2012	77000.0	0.12300103352816484
VT	2011	83000.0	0.13249663570289466
VA	2014	562000.0	0.06749705661189517
VA	2015	796000.0	0.0949541530095516
VA	2016	575000.0	0.06835629153684915
VA	2017	575000.0	0.06788649849705196
VA	2018	609000.0	0.07149830030107945
VA	2019	654000.0	0.07662099984781241
VA	2021	932000.0	0.10784198695852504
VA	2013	544000.0	0.06585633513126778
VA	2012	499000.0	0.06095872312609037
VA	2011	523000.0	0.06459498327940949
WA	2014	828000.0	0.11725504246246918
WA	2015	1037000.0	0.14462332457643984
WA	2016	818000.0	0.11223929747530187
WA	2017	1034000.0	0.13962137222423193
WA	2018	1118000.0	0.1483626168139964
WA	2019	1235000.0	0.16218218693289585
WA	2021	1283000.0	0.16579029117582145
WA	2013	792000.0	0.11360692520274963
WA	2012	680000.0	0.09859341987515753
WA	2011	670000.0	0.09809608672748234
WV	2014	123000.0	0.06647477255359326
WV	2015	174000.0	0.09435353728157699
WV	2016	130000.0	0.07099549888537067
WV	2017	140000.0	0.07709858210200472
WV	2018	163000.0	0.09026310310150668
WV	2019	164000.0	0.09151035043442307
WV	2021	218000.0	0.12226865564491388
WV	2013	100000.0	0.05392858991837369
WV	2012	110000.0	0.05928599185194886
WV	2011	125000.0	0.06737222453383811
WI	2014	401000.0	0.0696475106486007
WI	2015	584000.0	0.10118972432211115
WI	2016	414000.0	0.07164229934402304
WI	2017	445000.0	0.07678393673141652
WI	2018	509000.0	0.08755380516749782
WI	2019	537000.0	0.09222946966852694
WI	2021	659000.0	0.11177243606921954
WI	2013	401000.0	0.06982762328537052
WI	2012	391000.0	0.0682802697262747
WI	2011	369000.0	0.06460347559695624
WY	2014	34000.0	0.058203929449989984
WY	2015	52000.0	0.08872100145536566
WY	2016	38000.0	0.06490168249072162
WY	2017	41000.0	0.0707732408102673
WY	2018	43000.0	0.07442832984558719
WY	2019	42000.0	0.07256906588061697
WY	2021	62000.0	0.10711762033023325
WY	2013	32000.0	0.05492072536548027
WY	2012	33000.0	0.057250716501391366
WY	2011	33000.0	0.05808243481566747
